distances = [[[100000.0, 100000.0, 100000.0], [50, 59, 72], [102, 110, 102], [72, 90, 75], [66, 82, 84], [62, 86, 54], [74, 78, 90], [60, 44, 68], [98, 89, 94], [71, 73, 97]],
 [[50, 59, 72], [100000.0, 100000.0, 100000.0], [75, 88, 89], [82, 60, 90], [58, 40, 64], [82, 83, 81], [80, 68, 96], [40, 33, 30], [93, 87, 101], [92, 100, 94]], 
 [[102, 110, 102], [75, 88, 89], [100000.0, 100000.0, 100000.0], [30, 49, 44], [76, 70, 62], [80, 80, 71], [82, 96, 84], [91, 86, 98], [90, 82, 96], [78, 82, 72]], 
 [[72, 90, 75], [82, 60, 90], [30, 49, 44], [100000.0, 100000.0, 100000.0], [75, 83, 86], [50, 48, 52], [72, 62, 66], [102, 113, 94], [88, 72, 67], [64, 45, 45]], 
 [[66, 82, 84], [58, 40, 64], [76, 70, 62], [75, 83, 86], [100000.0, 100000.0, 100000.0], [96, 64, 74], [98, 108, 100], [57, 77, 72], [63, 56, 37], [47, 38, 38]],
 [[62, 86, 54], [82, 83, 81], [80, 80, 71], [50, 48, 52], [96, 64, 74], [100000.0, 100000.0, 100000.0], [126, 98, 126], [79, 84, 78], [78, 95, 91], [98, 92, 64]], 
 [[74, 78, 90], [80, 68, 96], [82, 96, 84], [72, 62, 66], [98, 108, 100], [126, 98, 126], [100000.0, 100000.0, 100000.0], [66, 88, 92], [80, 61, 57], [61, 78, 79]],
 [[60, 44, 68], [40, 33, 30], [91, 86, 98], [102, 113, 94], [57, 77, 72], [79, 84, 78], [66, 88, 92], [100000.0, 100000.0, 100000.0], [75, 81, 79], [118, 114, 128]], 
 [[98, 89, 94], [93, 87, 101], [90, 82, 96], [88, 72, 67], [63, 56, 37], [78, 95, 91], [80, 61, 57], [75, 81, 79], [100000.0, 100000.0, 100000.0] ,[89, 67, 82]],
 [[71, 73, 97], [92, 100, 94], [78, 82, 72], [64, 45, 45], [47, 38, 38], [98, 92, 64], [61, 78, 79], [118, 114, 128], [89, 67, 82], [100000.0, 100000.0, 100000.0]]];
               